kinematics:
  shoulder:
    x: 0
    y: 0
    z: 0.1625822486895494
    roll: -0
    pitch: 0
    yaw: -4.860803698187189e-08
  upper_arm:
    x: 0.0002074663022755669
    y: 0
    z: 0
    roll: 1.56951607650966
    pitch: 0
    yaw: 5.503319613557504e-06
  forearm:
    x: -0.4252697394631374
    y: 0
    z: 0
    roll: 3.140083468483962
    pitch: 3.139463358874167
    yaw: 3.141591739946795
  wrist_1:
    x: -0.3923973439500903
    y: -0.0003438189965217265
    z: 0.1335242994549136
    roll: 0.002574948814886574
    pitch: -0.001304164061105902
    yaw: -6.012416228004125e-08
  wrist_2:
    x: -7.955210787188311e-05
    y: -0.09952104103692579
    z: 6.280985490980155e-05
    roll: 1.570165205517265
    pitch: 0
    yaw: 1.853249323023541e-06
  wrist_3:
    x: 0.0001681472160313707
    y: 0.09942002878844361
    z: 0.0002320378112333604
    roll: 1.573130236699642
    pitch: 3.141592653589793
    yaw: -3.141592597674955
  hash: calib_15422312550829966467